CPU-GPU copy time = 5.5e-05 seconds
n = 2000, simulation time = 0.472348 seconds
n = 2000, absmin = 0.806519, absavg = 0.960744
