CPU-GPU copy time = 0.000301 seconds
n = 2000, simulation time = 0.080455 seconds
n = 2000, absmin = 1.000000, absavg = 1.000000
