n = 2000, simulation time = 9.08148 seconds
n = 2000, absmin = 0.800435, absavg = 0.957915
